0
-1
-2
-4
1
12
19
31
44
54
56
54
44
32
14
-4
-24
-42
-55
-63
-66
-63
-55
-43
-25
-5
13
31
44
54
56
54
44
31
13
-5
-25
-43
-55
-63
-66
-63
-55
-43
-25
-5
13
31
44
54
56
54
44
32
14
-4
-24
-42
-55
-63
-66
-63
-55
-42
-24
-4
14
32
44
54
56
54
44
32
14
-4
-24
-42
-55
-63
-66
-63
-55
-43
-25
-5
13
31
44
54
56
54
44
31
13
-5
-25
-43
-55
-63
-66
-63
-55
-43
-25
-5
13
31
44
54
56
54
44
32
14
-4
-24
-42
-55
-63
-66
-63
-55
-42
-24
-4
14
32
44
54
56
54
44
32
14
-4
-24
-42
-55
-63
-66
-63
-55
-43
-25
-5
13
31
44
54
56
54
44
32
14
-4
-24
-42
-55
-63
-66
-63
-55
-43
-25
-5
13
31
44
54
56
54
44
31
13
-5
-25
-43
-55
-63
-66
-63
-55
-42
-24
-4
14
32
44
54
56
54
44
32
14
-4
-24
-42
-55
-63
-66
